name: RL_env
channels:
  - conda-forge
  - defaults
dependencies:
  - asttokens=3.0.0=pyhd8ed1ab_1
  - bzip2=1.0.8=h2bbff1b_6
  - ca-certificates=2025.4.26=h4c7d964_0
  - colorama=0.4.6=pyhd8ed1ab_1
  - comm=0.2.2=pyhd8ed1ab_1
  - cpython=3.9.23=py39hd8ed1ab_0
  - debugpy=1.8.14=py39ha51f57c_0
  - decorator=5.2.1=pyhd8ed1ab_0
  - exceptiongroup=1.3.0=pyhd8ed1ab_0
  - executing=2.2.0=pyhd8ed1ab_0
  - expat=2.7.1=h8ddb27b_0
  - importlib-metadata=8.7.0=pyhe01879c_1
  - ipykernel=6.29.5=pyh4bbf305_0
  - ipython=8.18.1=pyh7428d3b_3
  - jedi=0.19.2=pyhd8ed1ab_1
  - jupyter_client=8.6.3=pyhd8ed1ab_1
  - jupyter_core=5.8.1=pyh5737063_0
  - krb5=1.21.3=hdf4eb48_0
  - libffi=3.4.4=hd77b12b_1
  - libsodium=1.0.20=hc70643c_0
  - matplotlib-inline=0.1.7=pyhd8ed1ab_1
  - nest-asyncio=1.6.0=pyhd8ed1ab_1
  - openssl=3.5.0=ha4e3fda_1
  - packaging=25.0=pyh29332c3_1
  - parso=0.8.4=pyhd8ed1ab_1
  - pickleshare=0.7.5=pyhd8ed1ab_1004
  - pip=25.1=pyhc872135_2
  - platformdirs=4.3.8=pyhe01879c_0
  - prompt-toolkit=3.0.51=pyha770c72_0
  - psutil=7.0.0=py39ha55e580_0
  - pure_eval=0.2.3=pyhd8ed1ab_1
  - pygments=2.19.1=pyhd8ed1ab_0
  - python=3.9.23=h716150d_0
  - python-dateutil=2.9.0.post0=pyhff2d567_1
  - python_abi=3.9=2_cp39
  - pywin32=307=py39ha51f57c_3
  - pyzmq=26.4.0=py39h03e5c00_0
  - setuptools=78.1.1=py39haa95532_0
  - six=1.17.0=pyhd8ed1ab_0
  - sqlite=3.45.3=h2bbff1b_0
  - stack_data=0.6.3=pyhd8ed1ab_1
  - tk=8.6.14=h5e9d12e_1
  - tornado=6.5.1=py39ha55e580_0
  - traitlets=5.14.3=pyhd8ed1ab_1
  - typing_extensions=4.14.0=pyhe01879c_0
  - ucrt=10.0.22621.0=h57928b3_1
  - vc=14.42=haa95532_5
  - vc14_runtime=14.42.34438=hfd919c2_26
  - vs2015_runtime=14.42.34438=h7142326_26
  - wcwidth=0.2.13=pyhd8ed1ab_1
  - wheel=0.45.1=py39haa95532_0
  - xz=5.6.4=h4754444_1
  - zeromq=4.3.5=ha9f60a1_7
  - zipp=3.22.0=pyhd8ed1ab_0
  - zlib=1.2.13=h8cc25b3_1
  - pip:
      - absl-py==2.3.0
      - astunparse==1.6.3
      - box2d-py==2.3.5
      - certifi==2025.4.26
      - charset-normalizer==3.4.2
      - cloudpickle==3.1.1
      - contourpy==1.3.0
      - cycler==0.12.1
      - farama-notifications==0.0.4
      - filelock==3.13.1
      - flappy-bird-gymnasium==0.4.0
      - flatbuffers==25.2.10
      - fonttools==4.58.2
      - fsspec==2024.6.1
      - gast==0.6.0
      - google-pasta==0.2.0
      - grpcio==1.72.1
      - gymnasium==1.1.1
      - h5py==3.14.0
      - idna==3.10
      - importlib-resources==6.5.2
      - jinja2==3.1.4
      - keras==3.10.0
      - kiwisolver==1.4.7
      - libclang==18.1.1
      - markdown==3.8
      - markdown-it-py==3.0.0
      - markupsafe==2.1.5
      - matplotlib==3.9.4
      - mdurl==0.1.2
      - ml-dtypes==0.5.1
      - mpmath==1.3.0
      - namex==0.1.0
      - networkx==3.2.1
      - numpy==1.26.3
      - opt-einsum==3.4.0
      - optree==0.16.0
      - pandas==2.3.0
      - pillow==11.0.0
      - protobuf==5.29.5
      - pygame==2.6.1
      - pynput==1.8.1
      - pyparsing==3.2.3
      - pytz==2025.2
      - pyvirtualdisplay==3.0
      - pyyaml==6.0.2
      - requests==2.32.3
      - rich==14.0.0
      - swig==4.3.1
      - sympy==1.13.3
      - tensorboard==2.19.0
      - tensorboard-data-server==0.7.2
      - tensorflow==2.19.0
      - tensorflow-io-gcs-filesystem==0.31.0
      - termcolor==3.1.0
      - torch==2.7.1+cu126
      - torchaudio==2.7.1+cu126
      - torchvision==0.22.1+cu126
      - tqdm==4.67.1
      - typing-extensions==4.12.2
      - tzdata==2025.2
      - urllib3==2.4.0
      - werkzeug==3.1.3
      - wrapt==1.17.2
prefix: C:\Users\ASUS\miniconda3\envs\RL_env
